day id type 
0 ZTF19acrenwk SN Ia 0.0 0.0 0.0 0.1 100000000.0 0 3.0718335469027025 0.1882525122505579 3184.9940615056057 7.576699443527087 194.89424246338388 4 
0 ZTF20abwdaeo SN II 16.188308872230557 -0.2608022912794636 6189.912034980802 15.036706213777087 0.3914111046398274 4 0.0079942214532262 352.4982960106515 113910.87446670908 18.024767280657212 2.121969202149117 5 
0 ZTF20abtnpwt SN Ia 0.0544877749996824 -15.923006935527727 4032.504898129921 7.623364040829324 18.92447969539784 4 0.0 0.0 0.0 0.1 100000000.0 0 
0 ZTF18aabukgo SN Ia 0.0 0.0 0.0 0.1 100000000.0 0 0.0 0.0 0.0 0.1 100000000.0 0 
0 ZTF19acitkzs SN Ia 0.3154017664801352 0.8434263597126134 7328.801052069315 17.039503457070214 20.75635082739124 8 0.2343902556657175 1.3221923373695503 7023.295615641273 16.212732487836533 14.080479532939677 8 
0 ZTF20abwkqxd SN Ia 0.0720393795277899 70.29644325082143 1011337.7063022116 16.84644077346965 9.150087404644404 4 0.4026095760453417 2.2753491063824134 8793.48206400942 17.57458582005075 160.07863870793508 7 
0 ZTF19acrbyzj SN Ia 0.0 0.0 0.0 0.1 100000000.0 0 0.4261625663284493 3.028049583216244 18272.1024173042 20.086959686259835 0.3408067679591058 4 
0 ZTF20abybeex SN II 8.53989834203398 -0.1914384534719004 4147.238008462144 11.837139033874225 5.857061047540299 4 0.0 0.0 0.0 0.1 100000000.0 0 
0 ZTF19acjdufa SN Ia 6.501639120352838 -0.089691377094422 2947.718886871212 10.093631797484308 1.3470118910871711 4 0.3658587090258605 0.9436247965354742 2817.31936111704 8.151703576317171 53.1024398074334 7 
0 ZTF19acryaon SN Ia 0.3872591455928702 0.9087099366495384 9397.590795449672 15.103086742168257 7.295188814524261 4 0.0 0.0 0.0 0.1 100000000.0 0 
0 ZTF20absvtnc SN Ia 1.0077063536235962 -2.570037257394295 21180.16076861284 28.24801841046766 2.2446568119840498 6 0.0 0.0 0.0 0.1 100000000.0 0 
0 ZTF19acihlft SN Ia 5.188862766714141 6.995642932149194 65389.5188657304 27.99520889473743 516179312614.5307 5 0.431432972772089 7.161704576458065 62901.95564050273 25.12134329221089 128.02119547058447 4 
0 ZTF19acdxlns SN Ia 2.153456119654151 -0.824715293322109 2505.80711210897 10.41315059841238 0.2000547228220751 4 0.0 0.0 0.0 0.1 100000000.0 0 
0 ZTF18aatrkga SN Ia 0.0 0.0 0.0 0.1 100000000.0 0 0.0 0.0 0.0 0.1 100000000.0 0 
0 ZTF19acewuwn SN II 129.34340930278887 -23.31947361138812 2326.8108321324507 9.45163627644844 14.000058530131602 4 1.1274766008793506 -1.74065661815083 3194.8856645128785 12.36109552927642 4.818260476782784 7 
0 ZTF19acgbzam SN Ia 0.9423610757918078 -2.6588656444062906 5495.622830908484 13.125027763226484 0.3824679355478093 5 0.7324946796577484 -2.0885408763037208 6134.565240216442 15.720876078814376 3.457534793108976 4 
0 ZTF19acdkzxk SN II 0.0 0.0 0.0 0.1 100000000.0 0 0.0 0.0 0.0 0.1 100000000.0 0 
0 ZTF19acekkts SN Ia 0.0 0.0 0.0 0.1 100000000.0 0 0.0 0.0 0.0 0.1 100000000.0 0 
0 ZTF19acenveq SN Ia 0.0 0.0 0.0 0.1 100000000.0 0 0.0 0.0 0.0 0.1 100000000.0 0 
0 ZTF19aceqxtg SN Ia 0.0 0.0 0.0 0.1 100000000.0 0 0.0 0.0 0.0 0.1 100000000.0 0 
0 ZTF19acetxvq SN Ia 0.0 0.0 0.0 0.1 100000000.0 0 0.0 0.0 0.0 0.1 100000000.0 0 
0 ZTF19acoyxuv SN Ia 0.0 0.0 0.0 0.1 100000000.0 0 0.0 0.0 0.0 0.1 100000000.0 0 
0 ZTF19acpfnth SN Ia 0.0 0.0 0.0 0.1 100000000.0 0 0.0 0.0 0.0 0.1 100000000.0 0 
0 ZTF20abyylgi SN II 0.4816557806794023 -2.6696283951880337 13134.219331045688 26.061049780164584 13.037738408850672 4 0.3190717736414824 -2.7435658862016528 12262.506354506166 24.99735442096879 16.036200652485928 4 
0 ZTF20abobpcb SLSN-I 0.090470764533463 -6.142143153088313 12141.704438971152 19.59879100929896 12.256057441245586 10 0.0686210247778883 -10.794024006807998 11356.940287354304 22.13861559787483 10.979200553842984 7 
0 ZTF20abjfufv SN Ia 0.4685065140088062 -0.0603769989335012 11530.895581325867 21.795675096852754 50.97516195772444 7 0.3518632437822909 0.4019312266854837 12419.09432539094 20.994971650480657 151.495513381259 8 
0 ZTF19acftude SN IIn 0.219911626668388 -6.547339440666034 4020.418174926787 13.176282343489762 3.8887298234805847 7 0.2009890492289899 -5.104278112871151 3850.777830058223 11.141131696425855 29.434058622285285 9 
0 ZTF19acgbkzr SN II 0.0 0.0 0.0 0.1 100000000.0 0 0.0929068786038524 -14.609069852715836 3659.989258451008 9.913655413171256 47.61881090810704 8 
0 ZTF19acgonwy SN Ia 0.0 0.0 0.0 0.1 100000000.0 0 0.3910345620795232 -3.130330561630748 5893.629840277087 10.85146271228956 16.527402325673968 6 
0 ZTF20abuqali SN II 0.0 0.0 0.0 0.1 100000000.0 0 13.38158200766766 -14.904621362701976 2485.7520384848567 12.687837284016188 11.81215465129754 4 
0 ZTF20abjtavx SN Ib 0.6326435752507382 -1.914272421092692 1047.059058661065 4.671914958580575 38.42197163117244 4 10.61311219743213 -8.526285633535498 1152.4303993352496 5.804623858688358 21.926139068227847 4 
0 ZTF19achjqbk SN IIP 0.0 0.0 0.0 0.1 100000000.0 0 0.3590438163574336 -4.221590886947871 2733.5079735810614 7.891849696676419 1.1006906420608773 5 
0 ZTF19acgxbwo SN Ia 1.111890151885458 -1.1129268447247351 2580.21111274573 10.897631302327946 4.269660834083406 4 0.6920968839537661 -1.8970035087383117 3716.006323771901 12.345469527108362 11.229039763224518 5 
0 ZTF19acnpnqq SN Ia 0.0 0.0 0.0 0.1 100000000.0 0 0.2547321264169391 -3.3878988856251 1638.6331800294654 5.904646757845152 7.563827353587229 4 
0 ZTF20abxyfye SN Ia 0.3715892083025303 0.36265659200687 6395.991084933797 9.74774250515766 866.8021563597019 8 0.2607440191180997 -4.657735121576006 5705.939480320301 10.36751250293152 13.52184673085072 5 
0 ZTF19acjwdnu SN II 0.0 0.0 0.0 0.1 100000000.0 0 0.3638246161538178 -5.663877457764772 5030.026686545615 13.65201642389819 17.068297431971466 5 
0 ZTF19acgjosf SN Ia 0.0 0.0 0.0 0.1 100000000.0 0 0.1824586250331014 -1.0570561780478465 3445.3525626405312 10.261392332785087 1.8375567737182943 5 
0 ZTF19acukucu SN IIn 0.5194318455187311 2.1910438994011443 2520.4996484913872 5.83152821148013 30.19069699134589 4 0.068117101568136 111.17732519558918 1331950.9074403686 7.466710604727585 1.3237689775198245 4 
0 ZTF19acfwynw SLSN-I 0.0379828453144249 57.17729184946981 13753.739703736604 7.261522831900984 12.69540865502558 9 0.0266838864305954 256.5755485816048 1304435.9292973238 5.408978413008457 22.466537852562677 5 
0 ZTF20abmlxrx SN Ia-CSM 0.0 0.0 0.0 0.1 100000000.0 0 0.032736165980282 89.97143633296655 99592.9120228988 9.280019452891464 17.12657674981631 4 
