day id type 
0 ZTF19acgemqj SN Ia-91T-like 0.5802541991293819 0.7172582961435603 4753.734683535581 11.84977551182446 1.0351318530196778 5 0.0 0.0 0.0 0.1 100000000.0 0 
0 ZTF18aabukgo SN Ia 0.0 0.0 0.0 0.1 100000000.0 0 0.0 0.0 0.0 0.1 100000000.0 0 
0 ZTF19acwqvvn SN Ia 0.7808350502348052 -0.913169414915022 3693.992453537398 8.079713825226355 192.58480082421585 5 0.3929902680168308 -2.092934964918248 3948.716488082438 11.39792423026794 9.161838919756445 7 
0 ZTF19acordoi SN Ia-91T-like 0.3584930588104774 0.3863466991086373 3722.117785144823 7.603527478678885 90.70517005885353 10 0.4149190917637202 2.2525942487013166 3031.933189025637 6.6796467915609625 95.3582462985484 8 
0 ZTF19aclobbu SN II 0.8861325431168904 -0.6230109870098873 9413.598042124844 16.615879751941613 20.30050360026977 7 0.7125400961588605 0.1649917797207004 11215.370502918082 22.119263769154813 31.170607186172028 15 
0 ZTF19acjtkha SN Ia 0.4611983287657551 -0.8094047321808062 5952.542358605023 13.861947393154884 6.822005949684156 4 0.4011579709159708 -0.2888263095113751 8622.19484419091 13.711314654438144 18.320382908597 5 
0 ZTF19acfecsg SN Ia 0.3788620640190065 -1.5043136386220286 3544.813922184304 9.7059773747362 37.7114934355163 4 0.0 0.0 0.0 0.1 100000000.0 0 
0 ZTF20abxgxjd SN Ia 0.0 0.0 0.0 0.1 100000000.0 0 0.4711961247636234 1.5718895416530094 3647.3177575474974 9.942400518512112 27.030226415735516 8 
0 ZTF20abobpcb SLSN-I 0.090470764533463 -6.142143153088313 12141.704438971152 19.59879100929896 12.256057441245586 10 0.0686210247778883 -10.794024006807998 11356.940287354304 22.13861559787483 10.979200553842984 7 
0 ZTF20abywpkl SN Ia 0.3225041696070692 -1.2855148118526991 5270.185868329922 7.845329574458073 20.850543678468988 6 0.3930694800434539 3.785998705667799 5160.504949016307 14.313351829430148 44.56157775721423 10 
0 ZTF20abybeex SN II 8.53989834203398 -0.1914384534719004 4147.238008462144 11.837139033874225 5.857061047540299 4 0.0 0.0 0.0 0.1 100000000.0 0 
0 ZTF19acftude SN IIn 0.219911626668388 -6.547339440666034 4020.418174926787 13.176282343489762 3.8887298234805847 7 0.2009890492289899 -5.104278112871151 3850.777830058223 11.141131696425855 29.434058622285285 9 
0 ZTF20abyjpxx SN Ia 0.3064379080839084 3.762443355356615 2636.937348838272 7.31720583641969 47.27645331933039 8 0.3036460519252287 1.0516181685358554 2727.495475875923 11.597415246353217 21.83807727409257 9 
0 ZTF20abxfiev SN Ia 0.3529287130275756 2.4190708778487315 2900.094191637092 6.710626189643279 111.81730213122196 11 0.3387261490531588 2.6663091837756365 3229.258655125781 9.207239213060395 107.91664520966046 12 
0 ZTF20abygigy SN Ia 0.5228415880448112 3.511476283081298 5101.3614580614 10.704381182904552 342.1895735506336 8 0.4689403592029979 3.0488370772759854 5353.22391331038 12.13026164942217 170.45391569252027 8 
0 ZTF20abwkqxd SN Ia 0.0720393795277899 70.29644325082143 1011337.7063022116 16.84644077346965 9.150087404644404 4 0.4026095760453417 2.2753491063824134 8793.48206400942 17.57458582005075 160.07863870793508 7 
0 ZTF19acgmkrt SN Ia 0.5423962431980975 -1.4594934038164755 5019.597448034583 12.09074591678138 49.06943626835385 8 0.1001793714954324 7.010177101443103 10915.400587053558 11.863028205874594 46.83119279879401 7 
0 ZTF19acjdufa SN Ia 6.501639120352838 -0.089691377094422 2947.718886871212 10.093631797484308 1.3470118910871711 4 0.3658587090258605 0.9436247965354742 2817.31936111704 8.151703576317171 53.1024398074334 7 
0 ZTF19acokufi SN Ia 0.4006452662276734 4.345839167664628 3457.020396070856 5.4746721960811735 0.041788899962193 4 0.0 0.0 0.0 0.1 100000000.0 0 
0 ZTF19acjqecl SN Ia 0.3651971651827491 3.132839675079664 4330.4488750058135 10.841165182297646 20.771793669529785 4 0.0 0.0 0.0 0.1 100000000.0 0 
0 ZTF19acryurj SN II 2.209337597568548 0.1856011780763681 13651.396299547672 17.863555073755556 3.2278866205357124 4 0.8550538500910434 1.8375033659962927 15290.031362265114 20.649928498429567 238.01641050852265 7 
0 ZTF19acfwynw SLSN-I 0.0379828453144249 57.17729184946981 13753.739703736604 7.261522831900984 12.69540865502558 9 0.0266838864305954 256.5755485816048 1304435.9292973238 5.408978413008457 22.466537852562677 5 
0 ZTF19achaspq SN Ia 0.6583271174511124 0.5600681167539268 14910.263621193188 21.80007272659124 343.4803792846128 4 0.3642735456657902 7.669537369575024 27735.23139875895 17.92220325746419 176.95616484122928 4 
0 ZTF19acnjwgm SN Ia 0.4176036509703713 6.46568459988507 17867.41959419813 19.31806759631873 192.2696060562732 12 0.4373732025017332 3.8380610166295166 15449.169363073735 21.091230472012118 255.1377785037824 12 
0 ZTF19acrddcz SN Ia-91T-like 0.2870702100041088 7.68728186497226 24271.486159750497 15.024395681658396 5.380204347221786 4 0.0 0.0 0.0 0.1 100000000.0 0 
0 ZTF19acrcxri SN II 0.8338408651043708 1.126064494340688 15843.754723961112 15.76276422087513 27.82543821054973 5 0.7059424114100451 1.5740974763960192 15182.049489821617 17.24652466583916 269.52756327638485 7 
0 ZTF20abzcsbt SN Ia 0.3609725175443204 3.9954963745181535 9340.475996150117 13.71040810896661 72.30473909008526 13 0.3332836696226171 1.8050631874408165 12775.122800912091 23.128649240043007 13.517055194880664 10 
0 ZTF20abzqlts SN II 1.3442641976902152 0.9236436776126634 2428.218938099532 10.991448542029474 12.370599783716408 7 0.910361788565934 0.4349857401522677 2340.098581326644 11.01737235609535 4.957253836552165 8 
0 ZTF19acmbekd SN Ibn 1.00365893559415 1.734984208516157 3770.910074718323 12.385783465924275 140.7634475980497 4 0.0 0.0 0.0 0.1 100000000.0 0 
0 ZTF19acjurot SN Ia 0.4810584712539864 3.5773018636937834 7063.119431354009 12.054328118015604 118.327643966043 5 0.0 0.0 0.0 0.1 100000000.0 0 
0 ZTF19acgdxel SN Ia 3.224992449808038 -0.1523266695292007 2721.483259906484 7.005740604752702 9.111093445225192 4 0.0 0.0 0.0 0.1 100000000.0 0 
0 ZTF19acewuwn SN II 129.34340930278887 -23.31947361138812 2326.8108321324507 9.45163627644844 14.000058530131602 4 1.1274766008793506 -1.74065661815083 3194.8856645128785 12.36109552927642 4.818260476782784 7 
0 ZTF20acbttnt SN Ia-91T-like 0.3442528359613471 4.805769795862731 3737.751613594312 11.863186987104822 7.733341642833997 8 0.1726742900431272 4.7853573094936985 5449.572546644928 13.825271276622178 4.917757647239669 7 
0 ZTF20abuqali SN II 0.0 0.0 0.0 0.1 100000000.0 0 13.38158200766766 -14.904621362701976 2485.7520384848567 12.687837284016188 11.81215465129754 4 
0 ZTF20abzpxxu SN Ia 0.4209745171331571 2.096607773296548 2676.58288140798 11.605530760091083 17.75821079654734 11 0.2458523741285608 1.1244770551368215 3115.125090336516 11.867857719479682 12.77784762454048 8 
0 ZTF19acnpnqq SN Ia 0.0 0.0 0.0 0.1 100000000.0 0 0.2547321264169391 -3.3878988856251 1638.6331800294654 5.904646757845152 7.563827353587229 4 
0 ZTF20abjtavx SN Ib 0.6326435752507382 -1.914272421092692 1047.059058661065 4.671914958580575 38.42197163117244 4 10.61311219743213 -8.526285633535498 1152.4303993352496 5.804623858688358 21.926139068227847 4 
0 ZTF19acgjohb SN Ia 0.0 0.0 0.0 0.1 100000000.0 0 3.4383733945875434 -0.3755099408006359 3838.943522893391 10.5163268891138 20.231079477215427 4 
0 ZTF19acigkma SN Ia-91T-like 0.2684845945982621 -1.8306135671643864 3204.421298796968 8.97807248177219 4.445080551513775 4 0.2514266264856073 1.0622908633677954 2803.664051303711 7.877846841489509 0.1578279726061687 5 
0 ZTF19acukucu SN IIn 0.5194318455187311 2.1910438994011443 2520.4996484913872 5.83152821148013 30.19069699134589 4 0.068117101568136 111.17732519558918 1331950.9074403686 7.466710604727585 1.3237689775198245 4 
