day id type 
0 ZTF19acigkma SN Ia-91T-like 0.2684845945982621 -1.8306135671643864 3204.421298796968 8.97807248177219 4.445080551513775 4 0.2514266264856073 1.0622908633677954 2803.664051303711 7.877846841489509 0.1578279726061687 5 
0 ZTF19acrbyzj SN Ia 0.0 0.0 0.0 0.1 100000000.0 0 0.4261625663284493 3.028049583216244 18272.1024173042 20.086959686259835 0.3408067679591058 4 
0 ZTF19achajnc SN Ia 0.8154772448261186 0.3311978820728953 2885.6567865283623 11.17515989636566 24.691576514863986 5 0.4375230884683984 1.4448173774263502 3042.8206293025323 8.328853254051346 59.927147100765104 8 
0 ZTF19acjjwsy SN Ia 0.4356444085608794 -0.2211541080596343 2064.9753536324392 8.802298746890845 38.053442505932885 4 0.2646845292050722 -0.3843613102164536 2895.581785018367 9.685255416974451 26.637212565636123 8 
0 ZTF19acjuomg SN Ia 0.3029746473507882 2.527582411113415 2807.4799840397145 6.768160829203037 107.2090969749523 12 0.3802201416640839 1.6486723923185185 2266.9153797278605 7.019951841123334 24.126888577624573 12 
0 ZTF19aclthzj SN Ia 0.2545601730053027 2.9554072778191607 2804.338415926303 7.568861722872069 56.02181337447567 10 0.3588806910291723 -0.4926107633631966 2229.83585308098 7.4780084009749235 101.84808314707996 10 
0 ZTF19acngsnc SN Ia 0.0 0.0 0.0 0.1 100000000.0 0 0.2553979843106321 1.8514431561492488 2368.678896115201 6.471196264022495 80.45923718031219 5 
0 ZTF20abjtavx SN Ib 0.6326435752507382 -1.914272421092692 1047.059058661065 4.671914958580575 38.42197163117244 4 10.61311219743213 -8.526285633535498 1152.4303993352496 5.804623858688358 21.926139068227847 4 
0 ZTF20abyzomt SN II 0.0 0.0 0.0 0.1 100000000.0 0 0.408338320280349 -2.4804608929830136 11617.022052684322 18.53724364065088 7.974165549504449 4 
0 ZTF19acftude SN IIn 0.219911626668388 -6.547339440666034 4020.418174926787 13.176282343489762 3.8887298234805847 7 0.2009890492289899 -5.104278112871151 3850.777830058223 11.141131696425855 29.434058622285285 9 
0 ZTF19acrenwk SN Ia 0.0 0.0 0.0 0.1 100000000.0 0 3.0718335469027025 0.1882525122505579 3184.9940615056057 7.576699443527087 194.89424246338388 4 
0 ZTF19acgmkrt SN Ia 0.5423962431980975 -1.4594934038164755 5019.597448034583 12.09074591678138 49.06943626835385 8 0.1001793714954324 7.010177101443103 10915.400587053558 11.863028205874594 46.83119279879401 7 
0 ZTF20abyxuky SN Ia 0.5153318644755335 -2.120376176633265 2570.7404856260086 10.212846759038072 19.24082649909562 5 0.3265025669367388 -1.1209083409415674 2779.021484509065 12.439076382328922 20.589182570254085 9 
0 ZTF20abqnztv SN Ia 0.0 0.0 0.0 0.1 100000000.0 0 0.4314113610471687 -2.110413896725916 2701.605556970079 11.293294011960942 34.316541660329115 4 
0 ZTF19acmbkmr SN Ia 0.0 0.0 0.0 0.1 100000000.0 0 4.451060642647224 -0.4705304646504674 2585.568952745454 7.867900394457042 1.777228629991022 4 
0 ZTF19achvpik SN Ia 4.57036546101823 -0.2656399806926933 2244.776818990589 7.895677325368979 2.045429004239227 4 0.2529121177617783 -2.145818187441079 2277.426221127461 6.349857444121438 113.27111854889512 5 
0 ZTF19acfwynw SLSN-I 0.0379828453144249 57.17729184946981 13753.739703736604 7.261522831900984 12.69540865502558 9 0.0266838864305954 256.5755485816048 1304435.9292973238 5.408978413008457 22.466537852562677 5 
0 ZTF20acbttnt SN Ia-91T-like 0.3442528359613471 4.805769795862731 3737.751613594312 11.863186987104822 7.733341642833997 8 0.1726742900431272 4.7853573094936985 5449.572546644928 13.825271276622178 4.917757647239669 7 
0 ZTF19acjnaxa SN Ia 0.0 0.0 0.0 0.1 100000000.0 0 0.2861142275555146 -3.2888733313387006 5489.601853102567 11.011820873567554 13.985907574244669 5 
0 ZTF19acmvrsw SN Ia 0.0 0.0 0.0 0.1 100000000.0 0 0.435428653286977 -3.422954252579288 8673.993629659584 16.18343704699649 2.933357976002288 4 
0 ZTF19acitkzs SN Ia 0.3154017664801352 0.8434263597126134 7328.801052069315 17.039503457070214 20.75635082739124 8 0.2343902556657175 1.3221923373695503 7023.295615641273 16.212732487836533 14.080479532939677 8 
0 ZTF20abwkqxd SN Ia 0.0720393795277899 70.29644325082143 1011337.7063022116 16.84644077346965 9.150087404644404 4 0.4026095760453417 2.2753491063824134 8793.48206400942 17.57458582005075 160.07863870793508 7 
0 ZTF19acfejbj SN II 0.0 0.0 0.0 0.1 100000000.0 0 0.4126126421930972 -3.609480921813159 29497.667941672065 28.18385209267048 86.64064137775613 4 
0 ZTF20abmlxrx SN Ia-CSM 0.0 0.0 0.0 0.1 100000000.0 0 0.032736165980282 89.97143633296655 99592.9120228988 9.280019452891464 17.12657674981631 4 
0 ZTF19acgbkzr SN II 0.0 0.0 0.0 0.1 100000000.0 0 0.0929068786038524 -14.609069852715836 3659.989258451008 9.913655413171256 47.61881090810704 8 
0 ZTF20abuqali SN II 0.0 0.0 0.0 0.1 100000000.0 0 13.38158200766766 -14.904621362701976 2485.7520384848567 12.687837284016188 11.81215465129754 4 
0 ZTF20abzjoxd SN IIn 0.1608866239797247 3.727186749708733 2887.3494043679207 9.719956723446195 30.81620193794368 12 0.0861205090322778 4.198693327641911 3390.7329012980867 10.5809127432331 13.042693897881248 7 
0 ZTF20abxyfye SN Ia 0.3715892083025303 0.36265659200687 6395.991084933797 9.74774250515766 866.8021563597019 8 0.2607440191180997 -4.657735121576006 5705.939480320301 10.36751250293152 13.52184673085072 5 
0 ZTF19acshkft SN Ia 0.0 0.0 0.0 0.1 100000000.0 0 0.16821085556128 7.229236685786072 4776.290411220987 9.690568884915418 34.763495831663526 5 
0 ZTF20abyylgi SN II 0.4816557806794023 -2.6696283951880337 13134.219331045688 26.061049780164584 13.037738408850672 4 0.3190717736414824 -2.7435658862016528 12262.506354506166 24.99735442096879 16.036200652485928 4 
0 ZTF20accsfkt SN Ia 0.3774921438263701 6.394486159413231 6927.145444324305 8.583781986873475 0.6995922299295692 4 0.4851784026952435 2.883556480447171 2644.5837859691096 7.799014098571791 2.326892662643039 5 
0 ZTF20abzcsbt SN Ia 0.3609725175443204 3.9954963745181535 9340.475996150117 13.71040810896661 72.30473909008526 13 0.3332836696226171 1.8050631874408165 12775.122800912091 23.128649240043007 13.517055194880664 10 
0 ZTF20abwktfx SN Ia 0.4327594454099474 1.343482454422064 31126.849727090288 25.35423880239663 252.63533492770785 7 0.4839646093477577 -1.2765977947020728 28693.830895172472 28.819004446202563 34.84606963339324 4 
0 ZTF19acgbzam SN Ia 0.9423610757918078 -2.6588656444062906 5495.622830908484 13.125027763226484 0.3824679355478093 5 0.7324946796577484 -2.0885408763037208 6134.565240216442 15.720876078814376 3.457534793108976 4 
0 ZTF20abwdaeo SN II 16.188308872230557 -0.2608022912794636 6189.912034980802 15.036706213777087 0.3914111046398274 4 0.0079942214532262 352.4982960106515 113910.87446670908 18.024767280657212 2.121969202149117 5 
0 ZTF19acnpnqq SN Ia 0.0 0.0 0.0 0.1 100000000.0 0 0.2547321264169391 -3.3878988856251 1638.6331800294654 5.904646757845152 7.563827353587229 4 
0 ZTF19acjwdnu SN II 0.0 0.0 0.0 0.1 100000000.0 0 0.3638246161538178 -5.663877457764772 5030.026686545615 13.65201642389819 17.068297431971466 5 
0 ZTF19acgjpgh SLSN-I 0.0 0.0 0.0 0.1 100000000.0 0 0.117688775825624 2.8403165098500947 9704.87040866807 16.38125156266251 82.64020571590648 6 
0 ZTF19acmxidf SN Ia 0.0 0.0 0.0 0.1 100000000.0 0 0.4044730332090529 5.851105968125838 23479.84636735952 18.336597872849342 28.779577969668324 5 
0 ZTF19acihlft SN Ia 5.188862766714141 6.995642932149194 65389.5188657304 27.99520889473743 516179312614.5307 5 0.431432972772089 7.161704576458065 62901.95564050273 25.12134329221089 128.02119547058447 4 
