day id type 
0 ZTF20abobpcb SLSN-I 0.090470764533463 -6.142143153088313 12141.704438971152 19.59879100929896 12.256057441245586 10 0.0686210247778883 -10.794024006807998 11356.940287354304 22.13861559787483 10.979200553842984 7 
0 ZTF19acdxlns SN Ia 2.153456119654151 -0.824715293322109 2505.80711210897 10.41315059841238 0.2000547228220751 4 0.0 0.0 0.0 0.1 100000000.0 0 
0 ZTF20abjtavx SN Ib 0.6326435752507382 -1.914272421092692 1047.059058661065 4.671914958580575 38.42197163117244 4 10.61311219743213 -8.526285633535498 1152.4303993352496 5.804623858688358 21.926139068227847 4 
0 ZTF19aceuacu SN Ia 0.1810176899469131 -2.7757180106582027 2993.4392349228638 8.55446063086268 57.12910480318462 11 0.2812688449199628 1.163628564145843 2745.2926406057877 7.9156117431204835 128.13738620455078 14 
0 ZTF19acfwynw SLSN-I 0.0379828453144249 57.17729184946981 13753.739703736604 7.261522831900984 12.69540865502558 9 0.0266838864305954 256.5755485816048 1304435.9292973238 5.408978413008457 22.466537852562677 5 
0 ZTF20abxyfye SN Ia 0.3715892083025303 0.36265659200687 6395.991084933797 9.74774250515766 866.8021563597019 8 0.2607440191180997 -4.657735121576006 5705.939480320301 10.36751250293152 13.52184673085072 5 
0 ZTF20abtnpwt SN Ia 0.0544877749996824 -15.923006935527727 4032.504898129921 7.623364040829324 18.92447969539784 4 0.0 0.0 0.0 0.1 100000000.0 0 
0 ZTF19acigqdd SN Ia-91T-like 0.3516532370229119 -1.0928900892655116 1603.8762352655583 6.1440422290202665 40.97938575819418 10 0.2131851919533486 2.491550185054261 1964.4471297031675 6.310739912117625 46.18089013430457 13 
0 ZTF19acqypso SN Ia 0.3766971170368045 1.6878236691872506 2685.298419883539 6.059598376359994 28.04145359609764 9 0.4424810079083938 0.4689255552078926 3281.930369150277 6.468664054172463 89.95991540276584 9 
0 ZTF19acukucu SN IIn 0.5194318455187311 2.1910438994011443 2520.4996484913872 5.83152821148013 30.19069699134589 4 0.068117101568136 111.17732519558918 1331950.9074403686 7.466710604727585 1.3237689775198245 4 
0 ZTF20abwdaeo SN II 16.188308872230557 -0.2608022912794636 6189.912034980802 15.036706213777087 0.3914111046398274 4 0.0079942214532262 352.4982960106515 113910.87446670908 18.024767280657212 2.121969202149117 5 
0 ZTF19aclyezb SN Ia 0.617607586680987 -0.0030832339851374 2472.4696176848333 5.788863908827909 21.57095692296553 6 0.4251056093636776 1.046941998971724 2952.8491600222324 9.033827793480668 28.32456305298633 8 
0 ZTF19acklbjr SN Ia 0.2998951031906534 2.9360493828083056 1926.1961218570325 5.090682530233753 16.56541072975059 11 0.2534334838628536 1.7097791038306824 2036.659664329998 5.860047567445865 43.43296127986838 10 
0 ZTF19acgbzam SN Ia 0.9423610757918078 -2.6588656444062906 5495.622830908484 13.125027763226484 0.3824679355478093 5 0.7324946796577484 -2.0885408763037208 6134.565240216442 15.720876078814376 3.457534793108976 4 
0 ZTF20abyylgi SN II 0.4816557806794023 -2.6696283951880337 13134.219331045688 26.061049780164584 13.037738408850672 4 0.3190717736414824 -2.7435658862016528 12262.506354506166 24.99735442096879 16.036200652485928 4 
0 ZTF19acojuzv SN Ia 0.4712581004553362 7.387713767311975 12760.232840112823 19.474062977619717 285.53131094896776 5 0.315727951128852 4.9134400176549855 13256.243154358275 16.947085988862867 23.115321240996675 6 
0 ZTF19achejoc SN Ia 0.4991420100465211 1.0928632189353844 7028.234278557666 13.15946235499378 10.06212452763086 4 0.3871707195734468 1.5820203067391871 6661.110545063182 16.95599175573099 1.4153427235612115 5 
0 ZTF19acjdwqv SN Ia 0.0 0.0 0.0 0.1 100000000.0 0 0.4512841925502868 0.7246942127072283 4544.616172777259 10.137661971659426 75.92152560420365 6 
0 ZTF19acmbkmr SN Ia 0.0 0.0 0.0 0.1 100000000.0 0 4.451060642647224 -0.4705304646504674 2585.568952745454 7.867900394457042 1.777228629991022 4 
0 ZTF19acgbkzr SN II 0.0 0.0 0.0 0.1 100000000.0 0 0.0929068786038524 -14.609069852715836 3659.989258451008 9.913655413171256 47.61881090810704 8 
0 ZTF19acjwcqy SN Ic-BL 0.0 0.0 0.0 0.1 100000000.0 0 0.4547102745518878 -2.9426481810219425 2200.934778869233 6.520516934821645 14.17551503904062 4 
0 ZTF19acmxidf SN Ia 0.0 0.0 0.0 0.1 100000000.0 0 0.4044730332090529 5.851105968125838 23479.84636735952 18.336597872849342 28.779577969668324 5 
0 ZTF19acngsnb SN Ia 0.0 0.0 0.0 0.1 100000000.0 0 0.3781289833058578 0.0092488310761946 1871.00142075072 6.109755621732282 12.935745291310822 7 
0 ZTF19achjqbk SN IIP 0.0 0.0 0.0 0.1 100000000.0 0 0.3590438163574336 -4.221590886947871 2733.5079735810614 7.891849696676419 1.1006906420608773 5 
0 ZTF19acshkft SN Ia 0.0 0.0 0.0 0.1 100000000.0 0 0.16821085556128 7.229236685786072 4776.290411220987 9.690568884915418 34.763495831663526 5 
0 ZTF20abqnztv SN Ia 0.0 0.0 0.0 0.1 100000000.0 0 0.4314113610471687 -2.110413896725916 2701.605556970079 11.293294011960942 34.316541660329115 4 
0 ZTF19acgonwy SN Ia 0.0 0.0 0.0 0.1 100000000.0 0 0.3910345620795232 -3.130330561630748 5893.629840277087 10.85146271228956 16.527402325673968 6 
0 ZTF19acmvrsw SN Ia 0.0 0.0 0.0 0.1 100000000.0 0 0.435428653286977 -3.422954252579288 8673.993629659584 16.18343704699649 2.933357976002288 4 
0 ZTF20abuqali SN II 0.0 0.0 0.0 0.1 100000000.0 0 13.38158200766766 -14.904621362701976 2485.7520384848567 12.687837284016188 11.81215465129754 4 
0 ZTF19acfejbj SN II 0.0 0.0 0.0 0.1 100000000.0 0 0.4126126421930972 -3.609480921813159 29497.667941672065 28.18385209267048 86.64064137775613 4 
0 ZTF19acjwdnu SN II 0.0 0.0 0.0 0.1 100000000.0 0 0.3638246161538178 -5.663877457764772 5030.026686545615 13.65201642389819 17.068297431971466 5 
0 ZTF19acjnaxa SN Ia 0.0 0.0 0.0 0.1 100000000.0 0 0.2861142275555146 -3.2888733313387006 5489.601853102567 11.011820873567554 13.985907574244669 5 
0 ZTF19acrbyzj SN Ia 0.0 0.0 0.0 0.1 100000000.0 0 0.4261625663284493 3.028049583216244 18272.1024173042 20.086959686259835 0.3408067679591058 4 
0 ZTF19acnpnqq SN Ia 0.0 0.0 0.0 0.1 100000000.0 0 0.2547321264169391 -3.3878988856251 1638.6331800294654 5.904646757845152 7.563827353587229 4 
0 ZTF19acftude SN IIn 0.219911626668388 -6.547339440666034 4020.418174926787 13.176282343489762 3.8887298234805847 7 0.2009890492289899 -5.104278112871151 3850.777830058223 11.141131696425855 29.434058622285285 9 
0 ZTF20abmlxrx SN Ia-CSM 0.0 0.0 0.0 0.1 100000000.0 0 0.032736165980282 89.97143633296655 99592.9120228988 9.280019452891464 17.12657674981631 4 
0 ZTF19acgmkrt SN Ia 0.5423962431980975 -1.4594934038164755 5019.597448034583 12.09074591678138 49.06943626835385 8 0.1001793714954324 7.010177101443103 10915.400587053558 11.863028205874594 46.83119279879401 7 
0 ZTF19acihlft SN Ia 5.188862766714141 6.995642932149194 65389.5188657304 27.99520889473743 516179312614.5307 5 0.431432972772089 7.161704576458065 62901.95564050273 25.12134329221089 128.02119547058447 4 
0 ZTF18aabukgo SN Ia 0.0 0.0 0.0 0.1 100000000.0 0 0.0 0.0 0.0 0.1 100000000.0 0 
0 ZTF18aatrkga SN Ia 0.0 0.0 0.0 0.1 100000000.0 0 0.0 0.0 0.0 0.1 100000000.0 0 
