day id type 
0 ZTF20abjaapj SN II 1.9179393454936573 -1.0441802104771782 1606.098262260515 6.9562610243719565 4.834937694331193 5 0.0 0.0 0.0 0.1 100000000.0 0 
0 ZTF20abmlxrx SN Ia-CSM 0.0 0.0 0.0 0.1 100000000.0 0 0.032736165980282 89.97143633296655 99592.9120228988 9.280019452891464 17.12657674981631 4 
0 ZTF19acgemqj SN Ia-91T-like 0.5802541991293819 0.7172582961435603 4753.734683535581 11.84977551182446 1.0351318530196778 5 0.0 0.0 0.0 0.1 100000000.0 0 
0 ZTF19acjfhom SN Ia 0.0 0.0 0.0 0.1 100000000.0 0 0.5780747944752919 2.125782564563845 3168.1876507326697 9.676064393401203 72.99416562931668 6 
0 ZTF19acigkma SN Ia-91T-like 0.2684845945982621 -1.8306135671643864 3204.421298796968 8.97807248177219 4.445080551513775 4 0.2514266264856073 1.0622908633677954 2803.664051303711 7.877846841489509 0.1578279726061687 5 
0 ZTF20accsfkt SN Ia 0.3774921438263701 6.394486159413231 6927.145444324305 8.583781986873475 0.6995922299295692 4 0.4851784026952435 2.883556480447171 2644.5837859691096 7.799014098571791 2.326892662643039 5 
0 ZTF19acshkft SN Ia 0.0 0.0 0.0 0.1 100000000.0 0 0.16821085556128 7.229236685786072 4776.290411220987 9.690568884915418 34.763495831663526 5 
0 ZTF19acftude SN IIn 0.219911626668388 -6.547339440666034 4020.418174926787 13.176282343489762 3.8887298234805847 7 0.2009890492289899 -5.104278112871151 3850.777830058223 11.141131696425855 29.434058622285285 9 
0 ZTF19acignlo SN II 0.6875709314310886 -2.3515858765765225 6565.708167044226 17.21513942446434 0.8544039764364637 6 0.4002006981926845 -1.973330790693322 6268.349476077953 15.676594537652097 1.8530332646833068 9 
0 ZTF19acifuyf SN Ia 0.3324108334680983 1.4164582464819055 4861.025167126921 9.948536112695596 12.76040786137238 4 0.3471745199784439 0.9037592984373884 6698.512138298574 14.675242533833842 3.4626882185852503 7 
0 ZTF19aclobbu SN II 0.8861325431168904 -0.6230109870098873 9413.598042124844 16.615879751941613 20.30050360026977 7 0.7125400961588605 0.1649917797207004 11215.370502918082 22.119263769154813 31.170607186172028 15 
0 ZTF20abyfmjr SN Ia 0.5452152227148294 -0.2005672477766217 2340.3543536664283 7.318528332808371 4.828880062051882 6 0.3200725097609915 0.3824955515821311 2318.3330743249403 9.138008136479812 16.836460867235036 8 
0 ZTF19acwqvvn SN Ia 0.7808350502348052 -0.913169414915022 3693.992453537398 8.079713825226355 192.58480082421585 5 0.3929902680168308 -2.092934964918248 3948.716488082438 11.39792423026794 9.161838919756445 7 
0 ZTF20abylbuf SN Ia 0.7318653375760452 1.950183290158063 11269.773374115088 16.70368541438602 71.82792126059368 7 0.3913493506070131 4.36435841411877 11883.68900830004 20.3795532746348 49.72126906099183 12 
0 ZTF20abyxuky SN Ia 0.5153318644755335 -2.120376176633265 2570.7404856260086 10.212846759038072 19.24082649909562 5 0.3265025669367388 -1.1209083409415674 2779.021484509065 12.439076382328922 20.589182570254085 9 
0 ZTF19aceuacu SN Ia 0.1810176899469131 -2.7757180106582027 2993.4392349228638 8.55446063086268 57.12910480318462 11 0.2812688449199628 1.163628564145843 2745.2926406057877 7.9156117431204835 128.13738620455078 14 
0 ZTF19acryurj SN II 2.209337597568548 0.1856011780763681 13651.396299547672 17.863555073755556 3.2278866205357124 4 0.8550538500910434 1.8375033659962927 15290.031362265114 20.649928498429567 238.01641050852265 7 
0 ZTF19achaspq SN Ia 0.6583271174511124 0.5600681167539268 14910.263621193188 21.80007272659124 343.4803792846128 4 0.3642735456657902 7.669537369575024 27735.23139875895 17.92220325746419 176.95616484122928 4 
0 ZTF19acgmkrt SN Ia 0.5423962431980975 -1.4594934038164755 5019.597448034583 12.09074591678138 49.06943626835385 8 0.1001793714954324 7.010177101443103 10915.400587053558 11.863028205874594 46.83119279879401 7 
0 ZTF19acgxbwo SN Ia 1.111890151885458 -1.1129268447247351 2580.21111274573 10.897631302327946 4.269660834083406 4 0.6920968839537661 -1.8970035087383117 3716.006323771901 12.345469527108362 11.229039763224518 5 
0 ZTF20abyylgi SN II 0.4816557806794023 -2.6696283951880337 13134.219331045688 26.061049780164584 13.037738408850672 4 0.3190717736414824 -2.7435658862016528 12262.506354506166 24.99735442096879 16.036200652485928 4 
0 ZTF19acklbjr SN Ia 0.2998951031906534 2.9360493828083056 1926.1961218570325 5.090682530233753 16.56541072975059 11 0.2534334838628536 1.7097791038306824 2036.659664329998 5.860047567445865 43.43296127986838 10 
0 ZTF19acukucu SN IIn 0.5194318455187311 2.1910438994011443 2520.4996484913872 5.83152821148013 30.19069699134589 4 0.068117101568136 111.17732519558918 1331950.9074403686 7.466710604727585 1.3237689775198245 4 
0 ZTF20abwktfx SN Ia 0.4327594454099474 1.343482454422064 31126.849727090288 25.35423880239663 252.63533492770785 7 0.4839646093477577 -1.2765977947020728 28693.830895172472 28.819004446202563 34.84606963339324 4 
0 ZTF20abjtavx SN Ib 0.6326435752507382 -1.914272421092692 1047.059058661065 4.671914958580575 38.42197163117244 4 10.61311219743213 -8.526285633535498 1152.4303993352496 5.804623858688358 21.926139068227847 4 
0 ZTF19acmbkmr SN Ia 0.0 0.0 0.0 0.1 100000000.0 0 4.451060642647224 -0.4705304646504674 2585.568952745454 7.867900394457042 1.777228629991022 4 
0 ZTF19acrcxri SN II 0.8338408651043708 1.126064494340688 15843.754723961112 15.76276422087513 27.82543821054973 5 0.7059424114100451 1.5740974763960192 15182.049489821617 17.24652466583916 269.52756327638485 7 
0 ZTF19acojxzo SN Ia 0.4859941115935676 -1.8712429784183515 7022.105879017564 15.885932639701116 6.803790297955537 4 0.3103933121935809 4.81794621860657 6440.435414605663 11.166590143846404 56.4445076050193 4 
0 ZTF19acnpnqq SN Ia 0.0 0.0 0.0 0.1 100000000.0 0 0.2547321264169391 -3.3878988856251 1638.6331800294654 5.904646757845152 7.563827353587229 4 
0 ZTF19achvpik SN Ia 4.57036546101823 -0.2656399806926933 2244.776818990589 7.895677325368979 2.045429004239227 4 0.2529121177617783 -2.145818187441079 2277.426221127461 6.349857444121438 113.27111854889512 5 
0 ZTF20abydkrl SN Ia 0.5211008329565403 4.992572600724325 18443.81660261361 15.419805395528844 1408.4555349605243 7 0.5984227926648897 2.506781024237309 19005.1926289555 17.271592412709094 1167.3550389802638 5 
0 ZTF19acitkzs SN Ia 0.3154017664801352 0.8434263597126134 7328.801052069315 17.039503457070214 20.75635082739124 8 0.2343902556657175 1.3221923373695503 7023.295615641273 16.212732487836533 14.080479532939677 8 
0 ZTF19acewuwn SN II 129.34340930278887 -23.31947361138812 2326.8108321324507 9.45163627644844 14.000058530131602 4 1.1274766008793506 -1.74065661815083 3194.8856645128785 12.36109552927642 4.818260476782784 7 
0 ZTF20abzqlts SN II 1.3442641976902152 0.9236436776126634 2428.218938099532 10.991448542029474 12.370599783716408 7 0.910361788565934 0.4349857401522677 2340.098581326644 11.01737235609535 4.957253836552165 8 
0 ZTF19acfwynw SLSN-I 0.0379828453144249 57.17729184946981 13753.739703736604 7.261522831900984 12.69540865502558 9 0.0266838864305954 256.5755485816048 1304435.9292973238 5.408978413008457 22.466537852562677 5 
0 ZTF20abzjoxd SN IIn 0.1608866239797247 3.727186749708733 2887.3494043679207 9.719956723446195 30.81620193794368 12 0.0861205090322778 4.198693327641911 3390.7329012980867 10.5809127432331 13.042693897881248 7 
0 ZTF20acbttnt SN Ia-91T-like 0.3442528359613471 4.805769795862731 3737.751613594312 11.863186987104822 7.733341642833997 8 0.1726742900431272 4.7853573094936985 5449.572546644928 13.825271276622178 4.917757647239669 7 
0 ZTF19achejoc SN Ia 0.4991420100465211 1.0928632189353844 7028.234278557666 13.15946235499378 10.06212452763086 4 0.3871707195734468 1.5820203067391871 6661.110545063182 16.95599175573099 1.4153427235612115 5 
0 ZTF20abzpxxu SN Ia 0.4209745171331571 2.096607773296548 2676.58288140798 11.605530760091083 17.75821079654734 11 0.2458523741285608 1.1244770551368215 3115.125090336516 11.867857719479682 12.77784762454048 8 
0 ZTF19acgbkzr SN II 0.0 0.0 0.0 0.1 100000000.0 0 0.0929068786038524 -14.609069852715836 3659.989258451008 9.913655413171256 47.61881090810704 8 
