day id type 
0 ZTF19acgbkzr SN II 0.0 0.0 0.0 0.1 100000000.0 0 0.0929068786038524 -14.609069852715836 3659.989258451008 9.913655413171256 47.61881090810704 8 
0 ZTF19aclkbqc SN Ia 0.3866343058731302 2.4277007504758354 4781.130086252609 10.79718437403814 64.15837487154475 6 0.0 0.0 0.0 0.1 100000000.0 0 
0 ZTF20abwktfx SN Ia 0.4327594454099474 1.343482454422064 31126.849727090288 25.35423880239663 252.63533492770785 7 0.4839646093477577 -1.2765977947020728 28693.830895172472 28.819004446202563 34.84606963339324 4 
0 ZTF19acryurj SN II 2.209337597568548 0.1856011780763681 13651.396299547672 17.863555073755556 3.2278866205357124 4 0.8550538500910434 1.8375033659962927 15290.031362265114 20.649928498429567 238.01641050852265 7 
0 ZTF19acmbiad SN Ia 0.5084232465835481 3.4385300285810425 5796.146567119059 13.081461362938771 54.36682264589343 5 0.3919807815378488 4.040044485707257 5271.124906667711 13.249896005767187 16.485915253016522 5 
0 ZTF19ackjjwf SN Ib 0.2504920966163632 5.672455375525131 9119.147991644906 13.405266334583748 41.223838238610846 6 0.3104161004660316 5.228061414628491 10143.073544924817 16.37422329371853 331.73487838232506 8 
0 ZTF20abmlxrx SN Ia-CSM 0.0 0.0 0.0 0.1 100000000.0 0 0.032736165980282 89.97143633296655 99592.9120228988 9.280019452891464 17.12657674981631 4 
0 ZTF19acgxbwo SN Ia 1.111890151885458 -1.1129268447247351 2580.21111274573 10.897631302327946 4.269660834083406 4 0.6920968839537661 -1.8970035087383117 3716.006323771901 12.345469527108362 11.229039763224518 5 
0 ZTF20abwdaeo SN II 16.188308872230557 -0.2608022912794636 6189.912034980802 15.036706213777087 0.3914111046398274 4 0.0079942214532262 352.4982960106515 113910.87446670908 18.024767280657212 2.121969202149117 5 
0 ZTF19acojuzv SN Ia 0.4712581004553362 7.387713767311975 12760.232840112823 19.474062977619717 285.53131094896776 5 0.315727951128852 4.9134400176549855 13256.243154358275 16.947085988862867 23.115321240996675 6 
0 ZTF19acigkma SN Ia-91T-like 0.2684845945982621 -1.8306135671643864 3204.421298796968 8.97807248177219 4.445080551513775 4 0.2514266264856073 1.0622908633677954 2803.664051303711 7.877846841489509 0.1578279726061687 5 
0 ZTF20abzcsbt SN Ia 0.3609725175443204 3.9954963745181535 9340.475996150117 13.71040810896661 72.30473909008526 13 0.3332836696226171 1.8050631874408165 12775.122800912091 23.128649240043007 13.517055194880664 10 
0 ZTF20abjtavx SN Ib 0.6326435752507382 -1.914272421092692 1047.059058661065 4.671914958580575 38.42197163117244 4 10.61311219743213 -8.526285633535498 1152.4303993352496 5.804623858688358 21.926139068227847 4 
0 ZTF20abxidyb SN Ia 0.7455619480142449 1.1074603956302909 2189.094913525991 7.112288177178385 114.20391847319274 7 0.3427448698769792 4.195621394411681 2586.5459593771498 6.293784767104881 47.853961318855895 11 
0 ZTF20accsfkt SN Ia 0.3774921438263701 6.394486159413231 6927.145444324305 8.583781986873475 0.6995922299295692 4 0.4851784026952435 2.883556480447171 2644.5837859691096 7.799014098571791 2.326892662643039 5 
0 ZTF20acbttnt SN Ia-91T-like 0.3442528359613471 4.805769795862731 3737.751613594312 11.863186987104822 7.733341642833997 8 0.1726742900431272 4.7853573094936985 5449.572546644928 13.825271276622178 4.917757647239669 7 
0 ZTF19acjdufa SN Ia 6.501639120352838 -0.089691377094422 2947.718886871212 10.093631797484308 1.3470118910871711 4 0.3658587090258605 0.9436247965354742 2817.31936111704 8.151703576317171 53.1024398074334 7 
0 ZTF20abtnpwt SN Ia 0.0544877749996824 -15.923006935527727 4032.504898129921 7.623364040829324 18.92447969539784 4 0.0 0.0 0.0 0.1 100000000.0 0 
0 ZTF20abywpkl SN Ia 0.3225041696070692 -1.2855148118526991 5270.185868329922 7.845329574458073 20.850543678468988 6 0.3930694800434539 3.785998705667799 5160.504949016307 14.313351829430148 44.56157775721423 10 
0 ZTF19acojxzo SN Ia 0.4859941115935676 -1.8712429784183515 7022.105879017564 15.885932639701116 6.803790297955537 4 0.3103933121935809 4.81794621860657 6440.435414605663 11.166590143846404 56.4445076050193 4 
0 ZTF19acitkzs SN Ia 0.3154017664801352 0.8434263597126134 7328.801052069315 17.039503457070214 20.75635082739124 8 0.2343902556657175 1.3221923373695503 7023.295615641273 16.212732487836533 14.080479532939677 8 
0 ZTF20abobpcb SLSN-I 0.090470764533463 -6.142143153088313 12141.704438971152 19.59879100929896 12.256057441245586 10 0.0686210247778883 -10.794024006807998 11356.940287354304 22.13861559787483 10.979200553842984 7 
0 ZTF19acgmkrt SN Ia 0.5423962431980975 -1.4594934038164755 5019.597448034583 12.09074591678138 49.06943626835385 8 0.1001793714954324 7.010177101443103 10915.400587053558 11.863028205874594 46.83119279879401 7 
0 ZTF20abwkqxd SN Ia 0.0720393795277899 70.29644325082143 1011337.7063022116 16.84644077346965 9.150087404644404 4 0.4026095760453417 2.2753491063824134 8793.48206400942 17.57458582005075 160.07863870793508 7 
0 ZTF20abzjoxd SN IIn 0.1608866239797247 3.727186749708733 2887.3494043679207 9.719956723446195 30.81620193794368 12 0.0861205090322778 4.198693327641911 3390.7329012980867 10.5809127432331 13.042693897881248 7 
0 ZTF20abzvxyk SN Ia 0.3303973187170885 3.668396977495615 2689.534676668314 8.887073906258951 21.79116704019661 11 0.2465580531598494 1.5252763746262326 2939.3265825068934 9.815561864486822 60.9771434584972 8 
0 ZTF19acftude SN IIn 0.219911626668388 -6.547339440666034 4020.418174926787 13.176282343489762 3.8887298234805847 7 0.2009890492289899 -5.104278112871151 3850.777830058223 11.141131696425855 29.434058622285285 9 
0 ZTF19aceuacu SN Ia 0.1810176899469131 -2.7757180106582027 2993.4392349228638 8.55446063086268 57.12910480318462 11 0.2812688449199628 1.163628564145843 2745.2926406057877 7.9156117431204835 128.13738620455078 14 
0 ZTF19acitnck SN Ia 0.0 0.0 0.0 0.1 100000000.0 0 0.4290038103023437 2.371668373719641 7058.252839497928 13.08098473924056 94.06153836311792 5 
0 ZTF19acrbyzj SN Ia 0.0 0.0 0.0 0.1 100000000.0 0 0.4261625663284493 3.028049583216244 18272.1024173042 20.086959686259835 0.3408067679591058 4 
0 ZTF20abuqali SN II 0.0 0.0 0.0 0.1 100000000.0 0 13.38158200766766 -14.904621362701976 2485.7520384848567 12.687837284016188 11.81215465129754 4 
0 ZTF19achiyvy SN Ic 0.0 0.0 0.0 0.1 100000000.0 0 0.3710005509428362 1.128772759848521 1967.1989393049907 6.80309575860404 7.267436613222134 7 
0 ZTF19acngsnc SN Ia 0.0 0.0 0.0 0.1 100000000.0 0 0.2553979843106321 1.8514431561492488 2368.678896115201 6.471196264022495 80.45923718031219 5 
0 ZTF19achetvw SN Ia 0.0 0.0 0.0 0.1 100000000.0 0 0.5828522475505094 0.2277828582725617 3487.479129518582 10.943415164052654 3.382099202335544 5 
0 ZTF19acjwdnu SN II 0.0 0.0 0.0 0.1 100000000.0 0 0.3638246161538178 -5.663877457764772 5030.026686545615 13.65201642389819 17.068297431971466 5 
0 ZTF19aclhohd SN Ia 0.0 0.0 0.0 0.1 100000000.0 0 0.2524066472235917 -0.576646811413154 4777.067788253753 9.003016900907335 35.96446299784211 6 
0 ZTF19acjnaxa SN Ia 0.0 0.0 0.0 0.1 100000000.0 0 0.2861142275555146 -3.2888733313387006 5489.601853102567 11.011820873567554 13.985907574244669 5 
0 ZTF19acshkft SN Ia 0.0 0.0 0.0 0.1 100000000.0 0 0.16821085556128 7.229236685786072 4776.290411220987 9.690568884915418 34.763495831663526 5 
0 ZTF20abxyfye SN Ia 0.3715892083025303 0.36265659200687 6395.991084933797 9.74774250515766 866.8021563597019 8 0.2607440191180997 -4.657735121576006 5705.939480320301 10.36751250293152 13.52184673085072 5 
0 ZTF19achjqbk SN IIP 0.0 0.0 0.0 0.1 100000000.0 0 0.3590438163574336 -4.221590886947871 2733.5079735810614 7.891849696676419 1.1006906420608773 5 
