day id type 
0 ZTF19acrenwk SN Ia 0.0 0.0 0.0 0.1 100000000.0 0 3.0718335469027025 0.1882525122505579 3184.9940615056057 7.576699443527087 194.89424246338388 4 
0 ZTF20abmlxrx SN Ia-CSM 0.0 0.0 0.0 0.1 100000000.0 0 0.032736165980282 89.97143633296655 99592.9120228988 9.280019452891464 17.12657674981631 4 
0 ZTF18aabukgo SN Ia 0.0 0.0 0.0 0.1 100000000.0 0 0.0 0.0 0.0 0.1 100000000.0 0 
0 ZTF19aclobbu SN II 0.8861325431168904 -0.6230109870098873 9413.598042124844 16.615879751941613 20.30050360026977 7 0.7125400961588605 0.1649917797207004 11215.370502918082 22.119263769154813 31.170607186172028 15 
0 ZTF20abwkqxd SN Ia 0.0720393795277899 70.29644325082143 1011337.7063022116 16.84644077346965 9.150087404644404 4 0.4026095760453417 2.2753491063824134 8793.48206400942 17.57458582005075 160.07863870793508 7 
0 ZTF20accsfkt SN Ia 0.3774921438263701 6.394486159413231 6927.145444324305 8.583781986873475 0.6995922299295692 4 0.4851784026952435 2.883556480447171 2644.5837859691096 7.799014098571791 2.326892662643039 5 
0 ZTF20abzetdf SN Ia 0.3783576808446309 -0.819610308455514 4752.347209682214 11.147917749570944 26.674153742324908 9 0.3198744006358288 0.7474365135531652 5132.249178681009 13.519790017576865 30.54038538903429 8 
0 ZTF19acfwynw SLSN-I 0.0379828453144249 57.17729184946981 13753.739703736604 7.261522831900984 12.69540865502558 9 0.0266838864305954 256.5755485816048 1304435.9292973238 5.408978413008457 22.466537852562677 5 
0 ZTF20abwktfx SN Ia 0.4327594454099474 1.343482454422064 31126.849727090288 25.35423880239663 252.63533492770785 7 0.4839646093477577 -1.2765977947020728 28693.830895172472 28.819004446202563 34.84606963339324 4 
0 ZTF19acgjpgh SLSN-I 0.0 0.0 0.0 0.1 100000000.0 0 0.117688775825624 2.8403165098500947 9704.87040866807 16.38125156266251 82.64020571590648 6 
0 ZTF19acjwdnu SN II 0.0 0.0 0.0 0.1 100000000.0 0 0.3638246161538178 -5.663877457764772 5030.026686545615 13.65201642389819 17.068297431971466 5 
0 ZTF19acitnck SN Ia 0.0 0.0 0.0 0.1 100000000.0 0 0.4290038103023437 2.371668373719641 7058.252839497928 13.08098473924056 94.06153836311792 5 
0 ZTF20absvwdh SN Ia 0.0 0.0 0.0 0.1 100000000.0 0 4.411214190889719 -0.4124370143232548 2524.950957815141 10.99375347704322 42.92636830397983 5 
0 ZTF19acgjojy SN Ia 0.0 0.0 0.0 0.1 100000000.0 0 0.3033916086013297 2.393242762988077 3702.998290009557 8.939741041401078 73.1935715558783 7 
0 ZTF20abylbuf SN Ia 0.7318653375760452 1.950183290158063 11269.773374115088 16.70368541438602 71.82792126059368 7 0.3913493506070131 4.36435841411877 11883.68900830004 20.3795532746348 49.72126906099183 12 
0 ZTF19acsvqrx SN Ia 0.0 0.0 0.0 0.1 100000000.0 0 0.3227570900952287 0.4889858114584427 3008.385271601391 8.225010068398706 8.65110894638148 4 
0 ZTF19acjnaxa SN Ia 0.0 0.0 0.0 0.1 100000000.0 0 0.2861142275555146 -3.2888733313387006 5489.601853102567 11.011820873567554 13.985907574244669 5 
0 ZTF20abjtavx SN Ib 0.6326435752507382 -1.914272421092692 1047.059058661065 4.671914958580575 38.42197163117244 4 10.61311219743213 -8.526285633535498 1152.4303993352496 5.804623858688358 21.926139068227847 4 
0 ZTF19acnpnqq SN Ia 0.0 0.0 0.0 0.1 100000000.0 0 0.2547321264169391 -3.3878988856251 1638.6331800294654 5.904646757845152 7.563827353587229 4 
0 ZTF19acngsnb SN Ia 0.0 0.0 0.0 0.1 100000000.0 0 0.3781289833058578 0.0092488310761946 1871.00142075072 6.109755621732282 12.935745291310822 7 
0 ZTF19acgmkrt SN Ia 0.5423962431980975 -1.4594934038164755 5019.597448034583 12.09074591678138 49.06943626835385 8 0.1001793714954324 7.010177101443103 10915.400587053558 11.863028205874594 46.83119279879401 7 
0 ZTF20abuqali SN II 0.0 0.0 0.0 0.1 100000000.0 0 13.38158200766766 -14.904621362701976 2485.7520384848567 12.687837284016188 11.81215465129754 4 
0 ZTF19acrbyzj SN Ia 0.0 0.0 0.0 0.1 100000000.0 0 0.4261625663284493 3.028049583216244 18272.1024173042 20.086959686259835 0.3408067679591058 4 
0 ZTF19acewuwn SN II 129.34340930278887 -23.31947361138812 2326.8108321324507 9.45163627644844 14.000058530131602 4 1.1274766008793506 -1.74065661815083 3194.8856645128785 12.36109552927642 4.818260476782784 7 
0 ZTF19acftude SN IIn 0.219911626668388 -6.547339440666034 4020.418174926787 13.176282343489762 3.8887298234805847 7 0.2009890492289899 -5.104278112871151 3850.777830058223 11.141131696425855 29.434058622285285 9 
0 ZTF20abjaapj SN II 1.9179393454936573 -1.0441802104771782 1606.098262260515 6.9562610243719565 4.834937694331193 5 0.0 0.0 0.0 0.1 100000000.0 0 
0 ZTF19achvpik SN Ia 4.57036546101823 -0.2656399806926933 2244.776818990589 7.895677325368979 2.045429004239227 4 0.2529121177617783 -2.145818187441079 2277.426221127461 6.349857444121438 113.27111854889512 5 
0 ZTF19acokufi SN Ia 0.4006452662276734 4.345839167664628 3457.020396070856 5.4746721960811735 0.041788899962193 4 0.0 0.0 0.0 0.1 100000000.0 0 
0 ZTF19acgbzam SN Ia 0.9423610757918078 -2.6588656444062906 5495.622830908484 13.125027763226484 0.3824679355478093 5 0.7324946796577484 -2.0885408763037208 6134.565240216442 15.720876078814376 3.457534793108976 4 
0 ZTF20abtnpwt SN Ia 0.0544877749996824 -15.923006935527727 4032.504898129921 7.623364040829324 18.92447969539784 4 0.0 0.0 0.0 0.1 100000000.0 0 
0 ZTF20abwdaeo SN II 16.188308872230557 -0.2608022912794636 6189.912034980802 15.036706213777087 0.3914111046398274 4 0.0079942214532262 352.4982960106515 113910.87446670908 18.024767280657212 2.121969202149117 5 
0 ZTF20abxyfye SN Ia 0.3715892083025303 0.36265659200687 6395.991084933797 9.74774250515766 866.8021563597019 8 0.2607440191180997 -4.657735121576006 5705.939480320301 10.36751250293152 13.52184673085072 5 
0 ZTF19acdxlns SN Ia 2.153456119654151 -0.824715293322109 2505.80711210897 10.41315059841238 0.2000547228220751 4 0.0 0.0 0.0 0.1 100000000.0 0 
0 ZTF20abzqlts SN II 1.3442641976902152 0.9236436776126634 2428.218938099532 10.991448542029474 12.370599783716408 7 0.910361788565934 0.4349857401522677 2340.098581326644 11.01737235609535 4.957253836552165 8 
0 ZTF20abyfmjr SN Ia 0.5452152227148294 -0.2005672477766217 2340.3543536664283 7.318528332808371 4.828880062051882 6 0.3200725097609915 0.3824955515821311 2318.3330743249403 9.138008136479812 16.836460867235036 8 
0 ZTF19acgxbwo SN Ia 1.111890151885458 -1.1129268447247351 2580.21111274573 10.897631302327946 4.269660834083406 4 0.6920968839537661 -1.8970035087383117 3716.006323771901 12.345469527108362 11.229039763224518 5 
0 ZTF19acukucu SN IIn 0.5194318455187311 2.1910438994011443 2520.4996484913872 5.83152821148013 30.19069699134589 4 0.068117101568136 111.17732519558918 1331950.9074403686 7.466710604727585 1.3237689775198245 4 
0 ZTF20acbttnt SN Ia-91T-like 0.3442528359613471 4.805769795862731 3737.751613594312 11.863186987104822 7.733341642833997 8 0.1726742900431272 4.7853573094936985 5449.572546644928 13.825271276622178 4.917757647239669 7 
0 ZTF20abzjoxd SN IIn 0.1608866239797247 3.727186749708733 2887.3494043679207 9.719956723446195 30.81620193794368 12 0.0861205090322778 4.198693327641911 3390.7329012980867 10.5809127432331 13.042693897881248 7 
0 ZTF19acshkft SN Ia 0.0 0.0 0.0 0.1 100000000.0 0 0.16821085556128 7.229236685786072 4776.290411220987 9.690568884915418 34.763495831663526 5 
