day id type 
0 ZTF20abobpcb SLSN-I 0.090470764533463 -6.142143153088313 12141.704438971152 19.59879100929896 12.256057441245586 10 0.0686210247778883 -10.794024006807998 11356.940287354304 22.13861559787483 10.979200553842984 7 
0 ZTF19ackjjwf SN Ib 0.2504920966163632 5.672455375525131 9119.147991644906 13.405266334583748 41.223838238610846 6 0.3104161004660316 5.228061414628491 10143.073544924817 16.37422329371853 331.73487838232506 8 
0 ZTF19acrmmpq SN Ia 0.4375325942728176 3.451764884061343 26706.13747747233 20.28943321218803 7.127643029714161 4 0.0 0.0 0.0 0.1 100000000.0 0 
0 ZTF19acokzjy SN Ia 0.4863659425668818 4.053335850924742 6087.010398549281 9.058246816480189 52.23135638234645 5 0.3072574026697049 5.015323724425612 6076.717110143044 11.461957524521893 31.98461345407722 6 
0 ZTF20abjtavx SN Ib 0.6326435752507382 -1.914272421092692 1047.059058661065 4.671914958580575 38.42197163117244 4 10.61311219743213 -8.526285633535498 1152.4303993352496 5.804623858688358 21.926139068227847 4 
0 ZTF20abzpxxu SN Ia 0.4209745171331571 2.096607773296548 2676.58288140798 11.605530760091083 17.75821079654734 11 0.2458523741285608 1.1244770551368215 3115.125090336516 11.867857719479682 12.77784762454048 8 
0 ZTF20abzbfct SN Ia 0.3773216934373707 5.321730090304896 9951.701016757686 23.393325737887903 21.32281515172644 8 0.3640464393837494 5.526766076801416 10629.692764451063 17.43667063788052 47.69050727094873 7 
0 ZTF20abvtozi SN Ia 0.5356765753474586 -0.4509824277712728 7800.5258214427795 15.696958907971004 84.54874872519817 8 0.2885192786893984 -0.9198654274005704 8627.044430100956 19.440847419681813 21.380154363634546 8 
0 ZTF18aabukgo SN Ia 0.0 0.0 0.0 0.1 100000000.0 0 0.0 0.0 0.0 0.1 100000000.0 0 
0 ZTF19acshkft SN Ia 0.0 0.0 0.0 0.1 100000000.0 0 0.16821085556128 7.229236685786072 4776.290411220987 9.690568884915418 34.763495831663526 5 
0 ZTF19acmbjvi SN Ia 0.0 0.0 0.0 0.1 100000000.0 0 0.4390837038509113 0.3300059973276582 2997.48029723286 7.696571102551982 9.328290604445009 4 
0 ZTF19acfejbj SN II 0.0 0.0 0.0 0.1 100000000.0 0 0.4126126421930972 -3.609480921813159 29497.667941672065 28.18385209267048 86.64064137775613 4 
0 ZTF19acgbkzr SN II 0.0 0.0 0.0 0.1 100000000.0 0 0.0929068786038524 -14.609069852715836 3659.989258451008 9.913655413171256 47.61881090810704 8 
0 ZTF19acftfst SN Ia 0.0 0.0 0.0 0.1 100000000.0 0 0.3685585535820896 -1.4786973102581793 1930.447454700244 6.66367570708534 30.97763225444051 6 
0 ZTF19achjqbk SN IIP 0.0 0.0 0.0 0.1 100000000.0 0 0.3590438163574336 -4.221590886947871 2733.5079735810614 7.891849696676419 1.1006906420608773 5 
0 ZTF20abxyfye SN Ia 0.3715892083025303 0.36265659200687 6395.991084933797 9.74774250515766 866.8021563597019 8 0.2607440191180997 -4.657735121576006 5705.939480320301 10.36751250293152 13.52184673085072 5 
0 ZTF19acftude SN IIn 0.219911626668388 -6.547339440666034 4020.418174926787 13.176282343489762 3.8887298234805847 7 0.2009890492289899 -5.104278112871151 3850.777830058223 11.141131696425855 29.434058622285285 9 
0 ZTF20abtnpwt SN Ia 0.0544877749996824 -15.923006935527727 4032.504898129921 7.623364040829324 18.92447969539784 4 0.0 0.0 0.0 0.1 100000000.0 0 
0 ZTF19acftfav SN IIP 0.0 0.0 0.0 0.1 100000000.0 0 5.214037546697155 -0.5457567136677082 10004.749274845472 20.25622438203187 15.383954243034648 4 
0 ZTF19acmxidf SN Ia 0.0 0.0 0.0 0.1 100000000.0 0 0.4044730332090529 5.851105968125838 23479.84636735952 18.336597872849342 28.779577969668324 5 
0 ZTF20absvwdh SN Ia 0.0 0.0 0.0 0.1 100000000.0 0 4.411214190889719 -0.4124370143232548 2524.950957815141 10.99375347704322 42.92636830397983 5 
0 ZTF19acnjwgm SN Ia 0.4176036509703713 6.46568459988507 17867.41959419813 19.31806759631873 192.2696060562732 12 0.4373732025017332 3.8380610166295166 15449.169363073735 21.091230472012118 255.1377785037824 12 
0 ZTF20abyylgi SN II 0.4816557806794023 -2.6696283951880337 13134.219331045688 26.061049780164584 13.037738408850672 4 0.3190717736414824 -2.7435658862016528 12262.506354506166 24.99735442096879 16.036200652485928 4 
0 ZTF19acgbzam SN Ia 0.9423610757918078 -2.6588656444062906 5495.622830908484 13.125027763226484 0.3824679355478093 5 0.7324946796577484 -2.0885408763037208 6134.565240216442 15.720876078814376 3.457534793108976 4 
0 ZTF20abwktfx SN Ia 0.4327594454099474 1.343482454422064 31126.849727090288 25.35423880239663 252.63533492770785 7 0.4839646093477577 -1.2765977947020728 28693.830895172472 28.819004446202563 34.84606963339324 4 
0 ZTF19acrbyzj SN Ia 0.0 0.0 0.0 0.1 100000000.0 0 0.4261625663284493 3.028049583216244 18272.1024173042 20.086959686259835 0.3408067679591058 4 
0 ZTF20abyzomt SN II 0.0 0.0 0.0 0.1 100000000.0 0 0.408338320280349 -2.4804608929830136 11617.022052684322 18.53724364065088 7.974165549504449 4 
0 ZTF18aatrkga SN Ia 0.0 0.0 0.0 0.1 100000000.0 0 0.0 0.0 0.0 0.1 100000000.0 0 
0 ZTF20abqnztv SN Ia 0.0 0.0 0.0 0.1 100000000.0 0 0.4314113610471687 -2.110413896725916 2701.605556970079 11.293294011960942 34.316541660329115 4 
0 ZTF19acdkzxk SN II 0.0 0.0 0.0 0.1 100000000.0 0 0.0 0.0 0.0 0.1 100000000.0 0 
0 ZTF19acoyxuv SN Ia 0.0 0.0 0.0 0.1 100000000.0 0 0.0 0.0 0.0 0.1 100000000.0 0 
0 ZTF20acflmyv SN Ia 0.0 0.0 0.0 0.1 100000000.0 0 0.0 0.0 0.0 0.1 100000000.0 0 
0 ZTF20acfkkyf SN Ia 0.0 0.0 0.0 0.1 100000000.0 0 0.0 0.0 0.0 0.1 100000000.0 0 
0 ZTF20abzcsbt SN Ia 0.3609725175443204 3.9954963745181535 9340.475996150117 13.71040810896661 72.30473909008526 13 0.3332836696226171 1.8050631874408165 12775.122800912091 23.128649240043007 13.517055194880664 10 
0 ZTF19acgonwy SN Ia 0.0 0.0 0.0 0.1 100000000.0 0 0.3910345620795232 -3.130330561630748 5893.629840277087 10.85146271228956 16.527402325673968 6 
0 ZTF19acjwdnu SN II 0.0 0.0 0.0 0.1 100000000.0 0 0.3638246161538178 -5.663877457764772 5030.026686545615 13.65201642389819 17.068297431971466 5 
0 ZTF19acjnaxa SN Ia 0.0 0.0 0.0 0.1 100000000.0 0 0.2861142275555146 -3.2888733313387006 5489.601853102567 11.011820873567554 13.985907574244669 5 
0 ZTF19acmvrsw SN Ia 0.0 0.0 0.0 0.1 100000000.0 0 0.435428653286977 -3.422954252579288 8673.993629659584 16.18343704699649 2.933357976002288 4 
0 ZTF19acnpnqq SN Ia 0.0 0.0 0.0 0.1 100000000.0 0 0.2547321264169391 -3.3878988856251 1638.6331800294654 5.904646757845152 7.563827353587229 4 
0 ZTF19acmblbi SN Ia 0.0 0.0 0.0 0.1 100000000.0 0 0.458183949730136 0.2316853884268083 10356.21501414206 17.742524487603973 6.469615868559917 4 
