day id type 
0 ZTF19acmxidf SN Ia 0.0 0.0 0.0 0.1 100000000.0 0 0.4044730332090529 5.851105968125838 23479.84636735952 18.336597872849342 28.779577969668324 5 
0 ZTF19acrdcwh SN Ia 0.3680565993606977 -0.0379457086535758 3743.1557891043262 7.025059630832218 1.3786040224104552 4 0.0 0.0 0.0 0.1 100000000.0 0 
0 ZTF19acmelor SN Ib 0.2563766468021001 2.1674683305253457 4210.336479651903 6.985467751885549 15.505795782347665 4 0.4635287100282634 -0.1798258842092464 6046.141753836107 12.78022399156273 28.67928197077904 4 
0 ZTF20abjtavx SN Ib 0.6326435752507382 -1.914272421092692 1047.059058661065 4.671914958580575 38.42197163117244 4 10.61311219743213 -8.526285633535498 1152.4303993352496 5.804623858688358 21.926139068227847 4 
0 ZTF20abuqali SN II 0.0 0.0 0.0 0.1 100000000.0 0 13.38158200766766 -14.904621362701976 2485.7520384848567 12.687837284016188 11.81215465129754 4 
0 ZTF19acpgaet SN Ia 0.0 0.0 0.0 0.1 100000000.0 0 0.5882450335435321 3.144116424058956 3773.578341982004 8.838749473800531 188.1540368215202 6 
0 ZTF19acnpnqq SN Ia 0.0 0.0 0.0 0.1 100000000.0 0 0.2547321264169391 -3.3878988856251 1638.6331800294654 5.904646757845152 7.563827353587229 4 
0 ZTF19acftfav SN IIP 0.0 0.0 0.0 0.1 100000000.0 0 5.214037546697155 -0.5457567136677082 10004.749274845472 20.25622438203187 15.383954243034648 4 
0 ZTF19acmbkmr SN Ia 0.0 0.0 0.0 0.1 100000000.0 0 4.451060642647224 -0.4705304646504674 2585.568952745454 7.867900394457042 1.777228629991022 4 
0 ZTF20abyzomt SN II 0.0 0.0 0.0 0.1 100000000.0 0 0.408338320280349 -2.4804608929830136 11617.022052684322 18.53724364065088 7.974165549504449 4 
0 ZTF19achvpik SN Ia 4.57036546101823 -0.2656399806926933 2244.776818990589 7.895677325368979 2.045429004239227 4 0.2529121177617783 -2.145818187441079 2277.426221127461 6.349857444121438 113.27111854889512 5 
0 ZTF20abxfiev SN Ia 0.3529287130275756 2.4190708778487315 2900.094191637092 6.710626189643279 111.81730213122196 11 0.3387261490531588 2.6663091837756365 3229.258655125781 9.207239213060395 107.91664520966046 12 
0 ZTF19acfwynw SLSN-I 0.0379828453144249 57.17729184946981 13753.739703736604 7.261522831900984 12.69540865502558 9 0.0266838864305954 256.5755485816048 1304435.9292973238 5.408978413008457 22.466537852562677 5 
0 ZTF19acgjohb SN Ia 0.0 0.0 0.0 0.1 100000000.0 0 3.4383733945875434 -0.3755099408006359 3838.943522893391 10.5163268891138 20.231079477215427 4 
0 ZTF19acjnaxa SN Ia 0.0 0.0 0.0 0.1 100000000.0 0 0.2861142275555146 -3.2888733313387006 5489.601853102567 11.011820873567554 13.985907574244669 5 
0 ZTF19acigkma SN Ia-91T-like 0.2684845945982621 -1.8306135671643864 3204.421298796968 8.97807248177219 4.445080551513775 4 0.2514266264856073 1.0622908633677954 2803.664051303711 7.877846841489509 0.1578279726061687 5 
0 ZTF19acoaoty SN Ia 0.3166827743737344 5.061444290437684 3819.633808135689 8.69767434211548 90.568588702901 13 0.3238944746902373 3.491770870384488 3744.20519626385 10.401074058513684 99.35715196494462 14 
0 ZTF20abyfmjr SN Ia 0.5452152227148294 -0.2005672477766217 2340.3543536664283 7.318528332808371 4.828880062051882 6 0.3200725097609915 0.3824955515821311 2318.3330743249403 9.138008136479812 16.836460867235036 8 
0 ZTF20abyjpxx SN Ia 0.3064379080839084 3.762443355356615 2636.937348838272 7.31720583641969 47.27645331933039 8 0.3036460519252287 1.0516181685358554 2727.495475875923 11.597415246353217 21.83807727409257 9 
0 ZTF20accsfkt SN Ia 0.3774921438263701 6.394486159413231 6927.145444324305 8.583781986873475 0.6995922299295692 4 0.4851784026952435 2.883556480447171 2644.5837859691096 7.799014098571791 2.326892662643039 5 
0 ZTF19acukucu SN IIn 0.5194318455187311 2.1910438994011443 2520.4996484913872 5.83152821148013 30.19069699134589 4 0.068117101568136 111.17732519558918 1331950.9074403686 7.466710604727585 1.3237689775198245 4 
0 ZTF19acnkeji SN Ia 0.456220498749053 4.093152238395905 6091.53251189547 9.539845062270304 95.18062351553222 13 0.4274802229469782 3.920761989507857 7545.908021197121 12.015175360994858 132.0148842911028 13 
0 ZTF19achaspq SN Ia 0.6583271174511124 0.5600681167539268 14910.263621193188 21.80007272659124 343.4803792846128 4 0.3642735456657902 7.669537369575024 27735.23139875895 17.92220325746419 176.95616484122928 4 
0 ZTF19acryurj SN II 2.209337597568548 0.1856011780763681 13651.396299547672 17.863555073755556 3.2278866205357124 4 0.8550538500910434 1.8375033659962927 15290.031362265114 20.649928498429567 238.01641050852265 7 
0 ZTF19acgrbeb SN Ia 0.0 0.0 0.0 0.1 100000000.0 0 0.2855918655725648 0.2975688291301159 7774.144784462884 17.384651392894234 1.6027156112832208 4 
0 ZTF20acbovrt SN Ia 0.4907117736007859 4.8316027360258325 8637.647170340042 14.969889641134651 68.44190163990194 8 0.4374604105610943 3.9854847788337127 7672.84057858959 14.668369411837809 1.938638258826043 6 
0 ZTF19acjwqvo SN Ia 0.3674777894761906 -0.3690541114630292 6563.645156346115 14.313426598717005 15.090599655974106 7 0.5139150820845324 4.801777673627952 5799.206948383984 12.37278761133422 161.2497270765763 10 
0 ZTF20abyxuky SN Ia 0.5153318644755335 -2.120376176633265 2570.7404856260086 10.212846759038072 19.24082649909562 5 0.3265025669367388 -1.1209083409415674 2779.021484509065 12.439076382328922 20.589182570254085 9 
0 ZTF20abwkqxd SN Ia 0.0720393795277899 70.29644325082143 1011337.7063022116 16.84644077346965 9.150087404644404 4 0.4026095760453417 2.2753491063824134 8793.48206400942 17.57458582005075 160.07863870793508 7 
0 ZTF19acitkzs SN Ia 0.3154017664801352 0.8434263597126134 7328.801052069315 17.039503457070214 20.75635082739124 8 0.2343902556657175 1.3221923373695503 7023.295615641273 16.212732487836533 14.080479532939677 8 
0 ZTF19acgmkrt SN Ia 0.5423962431980975 -1.4594934038164755 5019.597448034583 12.09074591678138 49.06943626835385 8 0.1001793714954324 7.010177101443103 10915.400587053558 11.863028205874594 46.83119279879401 7 
0 ZTF19acihlft SN Ia 5.188862766714141 6.995642932149194 65389.5188657304 27.99520889473743 516179312614.5307 5 0.431432972772089 7.161704576458065 62901.95564050273 25.12134329221089 128.02119547058447 4 
0 ZTF19acewuwn SN II 129.34340930278887 -23.31947361138812 2326.8108321324507 9.45163627644844 14.000058530131602 4 1.1274766008793506 -1.74065661815083 3194.8856645128785 12.36109552927642 4.818260476782784 7 
0 ZTF20abwktfx SN Ia 0.4327594454099474 1.343482454422064 31126.849727090288 25.35423880239663 252.63533492770785 7 0.4839646093477577 -1.2765977947020728 28693.830895172472 28.819004446202563 34.84606963339324 4 
0 ZTF19acrcxri SN II 0.8338408651043708 1.126064494340688 15843.754723961112 15.76276422087513 27.82543821054973 5 0.7059424114100451 1.5740974763960192 15182.049489821617 17.24652466583916 269.52756327638485 7 
0 ZTF19acifuyf SN Ia 0.3324108334680983 1.4164582464819055 4861.025167126921 9.948536112695596 12.76040786137238 4 0.3471745199784439 0.9037592984373884 6698.512138298574 14.675242533833842 3.4626882185852503 7 
0 ZTF20abzqlts SN II 1.3442641976902152 0.9236436776126634 2428.218938099532 10.991448542029474 12.370599783716408 7 0.910361788565934 0.4349857401522677 2340.098581326644 11.01737235609535 4.957253836552165 8 
0 ZTF19acrbyzj SN Ia 0.0 0.0 0.0 0.1 100000000.0 0 0.4261625663284493 3.028049583216244 18272.1024173042 20.086959686259835 0.3408067679591058 4 
0 ZTF20abwdaeo SN II 16.188308872230557 -0.2608022912794636 6189.912034980802 15.036706213777087 0.3914111046398274 4 0.0079942214532262 352.4982960106515 113910.87446670908 18.024767280657212 2.121969202149117 5 
0 ZTF20abyylgi SN II 0.4816557806794023 -2.6696283951880337 13134.219331045688 26.061049780164584 13.037738408850672 4 0.3190717736414824 -2.7435658862016528 12262.506354506166 24.99735442096879 16.036200652485928 4 
